# Import the libraries
from sense_hat import SenseHat
from time import sleep

# Set up the Sense HAT
sense = SenseHat()
sense.set_rotation(270, False)

# Set up the colour sensor
sense.color.gain = 60 # Set the sensitivity of the sensor
sense.color.integration_cycles = 64 # The interval at which the reading will be taken



# Display the image
for i in range(27):
    rgb = sense.color
    c = (rgb.red, rgb.green, rgb.blue)

    image = [
    [77, 109, 243], [77, 109, 243], [77, 109, 243], [77, 109, 243], [77, 109, 243], [77, 109, 243], [77, 109, 243], [77, 109, 243],
    [77, 109, 243], [77, 109, 243], [77, 109, 243], [150, 75, 0], [77, 109, 243], [38, 163, 26], [77, 109, 243], [77, 109, 243],
    [77, 109, 243], [77, 109, 243], [77, 109, 243], [84, 148, 0], [58, 138, 21], c, c, [77, 109, 243],
    [77, 109, 243], [77, 109, 243], [84, 148, 0], [150, 75, 0], [77, 109, 243], c, c, [77, 109, 243],
    [77, 109, 243], [77, 109, 243], [38, 163, 26], [150, 75, 0], [77, 109, 243], [77, 109, 243], [77, 109, 243], [77, 109, 243],
    [77, 109, 243], [166, 56, 13], [77, 109, 243], [150, 75, 0], [84, 148, 0], [77, 109, 243], [77, 109, 243], [77, 109, 243],
    [77, 109, 243], [77, 109, 243], [77, 109, 243], [84, 148, 0], [166, 56, 13], [77, 109, 243], [77, 109, 243], [77, 109, 243],
    [77, 109, 243], [77, 109, 243], [58, 138, 21], [150, 75, 0], [77, 109, 243], [77, 109, 243], [77, 109, 243], [77, 109, 243]
    ]
    sense.set_pixels(image)
    sleep(1)